array_size: 1000:
0.003776000
0.006847000
0.005984000
0.005969000
0.003787000
0.006810000
0.006125000
0.006062000
0.005948000
0.005941000
array_size: 4000:
0.006184000
0.006183000
0.006172000
0.006186000
0.006160000
0.006188000
0.006164000
0.006170000
0.006158000
0.006178000
array_size: 8000:
0.006626000
0.006542000
0.006536000
0.006538000
0.006572000
0.006555000
0.006604000
0.006559000
0.006558000
0.006545000
array_size: 10000:
0.006731000
0.006727000
0.006720000
0.006736000
0.006773000
0.006813000
0.006742000
0.006745000
0.006738000
0.006732000
array_size: 40000:
0.009941000
0.009921000
0.009915000
0.009917000
0.009952000
0.009932000
0.009973000
0.009934000
0.009893000
0.009920000
array_size: 80000:
0.013878000
0.015334000
0.013818000
0.014585000
0.013880000
0.015383000
0.014451000
0.013902000
0.014658000
0.015329000
array_size: 100000:
0.016977000
0.017216000
0.016960000
0.017039000
0.016174000
0.017252000
0.016937000
0.017045000
0.016880000
0.016890000
array_size: 400000:
0.054241000
0.055430000
0.055289000
0.053915000
0.055380000
0.055502000
0.054287000
0.054990000
0.055271000
0.055530000
array_size: 800000:
0.107777000
0.108107000
0.108332000
0.108613000
0.107845000
0.108099000
0.108257000
0.108580000
0.107796000
0.108223000
array_size: 1000000:
0.136096000
0.136338000
0.135544000
0.136318000
0.135945000
0.136225000
0.135426000
0.136344000
0.136170000
0.136687000
array_size: 4000000:
0.572172000
0.572098000
0.576089000
0.576069000
0.571981000
0.572316000
0.576073000
0.575385000
0.567714000
0.575942000
array_size: 8000000:
1.185771000
1.179812000
1.226644000
1.188402000
1.186667000
1.180064000
1.230058000
1.187711000
1.194660000
1.182541000
array_size: 10000000:
1.504123000
1.512789000
1.501967000
1.508693000
1.504648000
1.512409000
1.501299000
1.545661000
1.491314000
1.514470000
array_size: 40000000:
6.490731000
6.506870000
6.473854000
6.499347000
6.489873000
6.469507000
6.507677000
6.497294000
6.464811000
6.510651000
array_size: 80000000:
13.418776000
13.521931000
13.400721000
13.518800000
13.416450000
13.520379000
13.392757000
13.511169000
13.506468000
13.528182000
