array_size: 1000:
0.011438000
0.023846000
0.021472000
0.022029000
0.012977000
0.027257000
0.019333000
0.020330000
0.024170000
0.023400000
array_size: 4000:
0.024491000
0.023111000
0.022891000
0.024673000
0.022650000
0.024353000
0.028001000
0.020570000
0.027711000
0.024071000
array_size: 8000:
0.023578000
0.019635000
0.023596000
0.028457000
0.022992000
0.026448000
0.024998000
0.023530000
0.024201000
0.021974000
array_size: 10000:
0.023449000
0.025204000
0.021459000
0.028520000
0.028439000
0.027075000
0.018508000
0.025994000
0.022820000
0.022784000
array_size: 40000:
0.025580000
0.020791000
0.026073000
0.028402000
0.032408000
0.027878000
0.028334000
0.025250000
0.032990000
0.027913000
array_size: 80000:
0.021493000
0.026188000
0.031271000
0.033920000
0.033770000
0.029321000
0.031983000
0.031178000
0.032283000
0.033908000
array_size: 100000:
0.031970000
0.030899000
0.034928000
0.037172000
0.035834000
0.027917000
0.035129000
0.035029000
0.032412000
0.033180000
array_size: 400000:
0.051563000
0.076906000
0.074194000
0.058177000
0.066728000
0.065054000
0.063795000
0.063441000
0.053261000
0.051397000
array_size: 800000:
0.126240000
0.092372000
0.115397000
0.131099000
0.100512000
0.085322000
0.125554000
0.117237000
0.100319000
0.084026000
array_size: 1000000:
0.115460000
0.157865000
0.133515000
0.121996000
0.111958000
0.166456000
0.149061000
0.098162000
0.143048000
0.139445000
array_size: 4000000:
0.536107000
0.388849000
0.421287000
0.457448000
0.536569000
0.450515000
0.390609000
0.462178000
0.487303000
0.433351000
array_size: 8000000:
1.101319000
1.370813000
0.892826000
0.736126000
1.101221000
1.199230000
0.891263000
0.753187000
0.834550000
1.024079000
array_size: 10000000:
1.428732000
1.013194000
1.180533000
0.944114000
1.479092000
1.137892000
1.107437000
0.944314000
1.561001000
0.984415000
array_size: 40000000:
5.607946000
5.041811000
4.429200000
5.033730000
6.084006000
5.200393000
5.070064000
4.981639000
3.928402000
5.216165000
array_size: 80000000:
9.630654000
12.766305000
10.185011000
8.552123000
9.212365000
14.158625000
9.942392000
8.502196000
9.655549000
8.930311000
