array_size: 1000:
0.024929000
0.050449000
0.042515000
0.022446000
0.046165000
0.051255000
0.024300000
0.042836000
0.036631000
0.057991000
array_size: 4000:
0.046765000
0.056538000
0.058713000
0.043321000
0.054037000
0.054362000
0.049269000
0.045881000
0.046580000
0.036282000
array_size: 8000:
0.059195000
0.040964000
0.046995000
0.039948000
0.053070000
0.038435000
0.049995000
0.041089000
0.044738000
0.038483000
array_size: 10000:
0.034797000
0.049834000
0.041388000
0.057342000
0.045325000
0.038062000
0.036752000
0.045192000
0.048476000
0.043088000
array_size: 40000:
0.046124000
0.041472000
0.043269000
0.054214000
0.049334000
0.035199000
0.037210000
0.047347000
0.039825000
0.062420000
array_size: 80000:
0.043419000
0.041176000
0.056369000
0.043866000
0.052753000
0.039793000
0.047768000
0.045080000
0.067117000
0.041310000
array_size: 100000:
0.050071000
0.054303000
0.042164000
0.057699000
0.041716000
0.044612000
0.045276000
0.041872000
0.056559000
0.045446000
array_size: 400000:
0.065190000
0.060495000
0.077907000
0.057281000
0.068267000
0.069744000
0.061469000
0.079912000
0.083826000
0.073985000
array_size: 800000:
0.122307000
0.100397000
0.094187000
0.121752000
0.088040000
0.120126000
0.113758000
0.099111000
0.099699000
0.104435000
array_size: 1000000:
0.119528000
0.151223000
0.137643000
0.116506000
0.137443000
0.133276000
0.117962000
0.153577000
0.152605000
0.107331000
array_size: 4000000:
0.455235000
0.412022000
0.365002000
0.414841000
0.415307000
0.323505000
0.469904000
0.403789000
0.349444000
0.451393000
array_size: 8000000:
0.983583000
1.141176000
0.984541000
0.983323000
1.290711000
0.982187000
0.890624000
1.302098000
0.869390000
0.579722000
array_size: 10000000:
0.965388000
1.130052000
0.918626000
0.866634000
1.087529000
1.036097000
0.959861000
1.002724000
1.088543000
0.949289000
array_size: 40000000:
5.763081000
3.515347000
3.285251000
5.885838000
3.440943000
3.203841000
5.220872000
3.039206000
3.298554000
4.297977000
array_size: 80000000:
8.202555000
9.182212000
9.201714000
8.285827000
8.923931000
9.268081000
7.491742000
8.530925000
8.434185000
6.601580000
