array_size: 1000:
0.030326000
0.056632000
0.062247000
0.031709000
0.053859000
0.054477000
0.034611000
0.069747000
0.064935000
0.030329000
array_size: 4000:
0.051663000
0.060390000
0.063551000
0.063344000
0.052406000
0.058712000
0.061677000
0.061647000
0.059743000
0.068979000
array_size: 8000:
0.058018000
0.046963000
0.058681000
0.058082000
0.060017000
0.058387000
0.060736000
0.052988000
0.051346000
0.056937000
array_size: 10000:
0.065092000
0.060128000
0.062702000
0.053520000
0.052347000
0.062921000
0.059734000
0.058980000
0.060958000
0.062828000
array_size: 40000:
0.054167000
0.051345000
0.057950000
0.058610000
0.052208000
0.062942000
0.072338000
0.068834000
0.055329000
0.065037000
array_size: 80000:
0.052498000
0.061873000
0.056961000
0.064698000
0.060781000
0.053896000
0.057040000
0.057940000
0.053252000
0.057753000
array_size: 100000:
0.055477000
0.067007000
0.058293000
0.063018000
0.058298000
0.061012000
0.074339000
0.058348000
0.070684000
0.059524000
array_size: 400000:
0.067329000
0.072137000
0.085259000
0.071390000
0.064844000
0.078957000
0.081229000
0.070062000
0.081772000
0.076159000
array_size: 800000:
0.122132000
0.095068000
0.103247000
0.119940000
0.113736000
0.105022000
0.114984000
0.093485000
0.100425000
0.124568000
array_size: 1000000:
0.131324000
0.124515000
0.126196000
0.149472000
0.135640000
0.126444000
0.131511000
0.119873000
0.121888000
0.138597000
array_size: 4000000:
0.398104000
0.347798000
0.320153000
0.398372000
0.323874000
0.333161000
0.396683000
0.356920000
0.337319000
0.397908000
array_size: 8000000:
0.661774000
1.171631000
0.815129000
0.684059000
1.157701000
0.799314000
0.672227000
1.158047000
0.812651000
0.712478000
array_size: 10000000:
0.855400000
0.975752000
0.914743000
0.831221000
0.927055000
1.009660000
0.829906000
0.980221000
0.946823000
0.819338000
array_size: 40000000:
5.166870000
2.526537000
2.985252000
5.106874000
2.491063000
3.036998000
5.165145000
2.341847000
3.028518000
5.057571000
array_size: 80000000:
6.885987000
8.037456000
7.004315000
7.060038000
8.050104000
6.956210000
7.027344000
8.116029000
6.872913000
6.917102000
