nthreads 8...
array_size: 1000:
0.001943000
0.001240000
0.001301000
0.001078000
0.001183000
0.001254000
0.001151000
0.000920000
0.001077000
0.001239000
array_size: 4000:
0.001145000
0.001190000
0.001131000
0.000802000
0.001158000
0.001084000
0.001042000
0.001349000
0.001104000
0.001038000
array_size: 8000:
0.001506000
0.001200000
0.001423000
0.001323000
0.001208000
0.001632000
0.001378000
0.001280000
0.001395000
0.001263000
array_size: 10000:
0.001305000
0.001631000
0.001382000
0.001335000
0.001249000
0.001682000
0.001601000
0.001356000
0.001219000
0.001362000
array_size: 40000:
0.003404000
0.004066000
0.002626000
0.002654000
0.002505000
0.002556000
0.002742000
0.002566000
0.002703000
0.005068000
array_size: 80000:
0.007155000
0.005407000
0.005273000
0.005358000
0.005900000
0.004987000
0.005848000
0.008029000
0.005914000
0.004950000
array_size: 100000:
0.006846000
0.008327000
0.006515000
0.006575000
0.006884000
0.008216000
0.005841000
0.009956000
0.007621000
0.006529000
array_size: 400000:
0.029672000
0.034348000
0.039839000
0.032268000
0.023850000
0.024361000
0.030379000
0.031417000
0.022433000
0.035098000
array_size: 800000:
0.085974000
0.057746000
0.063763000
0.080751000
0.050805000
0.058012000
0.082638000
0.073657000
0.060148000
0.052378000
array_size: 1000000:
0.075414000
0.101998000
0.091693000
0.070424000
0.061899000
0.092086000
0.061786000
0.070763000
0.065042000
0.097052000
array_size: 4000000:
0.320941000
0.346261000
0.261742000
0.299454000
0.394389000
0.276970000
0.351244000
0.317446000
0.260155000
0.326406000
array_size: 8000000:
0.813537000
0.984159000
0.858486000
0.459658000
0.602345000
0.686026000
0.757865000
0.521814000
0.593514000
0.597947000
array_size: 10000000:
0.704277000
0.981172000
0.780315000
0.780582000
0.947932000
0.740592000
0.648829000
1.238422000
1.101511000
0.747313000
array_size: 40000000:
5.121560000
2.858210000
2.746709000
3.698193000
3.758453000
3.113513000
3.850694000
4.148008000
4.960423000
3.191513000
array_size: 80000000:
7.041607000
7.683873000
8.011146000
5.081554000
5.959154000
7.493799000
6.533379000
6.510658000
10.110914000
13.000800000
