nthreads 4...
array_size: 1000:
0.000821000
0.000358000
0.000394000
0.000436000
0.000419000
0.000341000
0.000371000
0.000334000
0.000343000
0.000399000
array_size: 4000:
0.000500000
0.000484000
0.000508000
0.000537000
0.000587000
0.000470000
0.000681000
0.000594000
0.000549000
0.000504000
array_size: 8000:
0.001047000
0.000807000
0.000705000
0.000791000
0.001073000
0.000974000
0.000731000
0.000803000
0.001131000
0.001099000
array_size: 10000:
0.001122000
0.001146000
0.001029000
0.000992000
0.000945000
0.001180000
0.000877000
0.000983000
0.001058000
0.000895000
array_size: 40000:
0.003061000
0.004202000
0.003344000
0.003740000
0.003007000
0.002749000
0.003008000
0.003877000
0.004053000
0.004221000
array_size: 80000:
0.008438000
0.006132000
0.006329000
0.005944000
0.007866000
0.005601000
0.007105000
0.008391000
0.006107000
0.006035000
array_size: 100000:
0.009816000
0.008796000
0.007965000
0.007896000
0.009131000
0.009929000
0.006710000
0.006713000
0.008608000
0.008446000
array_size: 400000:
0.037178000
0.038311000
0.049432000
0.039214000
0.030201000
0.028367000
0.042315000
0.040174000
0.034790000
0.033911000
array_size: 800000:
0.095570000
0.077200000
0.077260000
0.079776000
0.070206000
0.078084000
0.079918000
0.081715000
0.073860000
0.069763000
array_size: 1000000:
0.087925000
0.115464000
0.112163000
0.097223000
0.082126000
0.083094000
0.073814000
0.090362000
0.075741000
0.097760000
array_size: 4000000:
0.434114000
0.408901000
0.333726000
0.385123000
0.440663000
0.338063000
0.382983000
0.370511000
0.438908000
0.385696000
array_size: 8000000:
1.035507000
1.104325000
0.924954000
0.706415000
0.679716000
0.911578000
0.801378000
0.681434000
0.948378000
0.642224000
array_size: 10000000:
1.207928000
1.154952000
1.022572000
0.823406000
1.153971000
0.943016000
0.924059000
1.368895000
1.120312000
0.862570000
array_size: 40000000:
5.868820000
4.704753000
4.079086000
4.765043000
3.936021000
4.584252000
4.793741000
5.591184000
5.561244000
3.996405000
array_size: 80000000:
9.621561000
11.592802000
9.428293000
7.988679000
9.577901000
8.211972000
8.099349000
7.823386000
10.581068000
13.598395000
