nthreads 16...
array_size: 1000:
0.003443000
0.002303000
0.002071000
0.002373000
0.002550000
0.002403000
0.002536000
0.001883000
0.002279000
0.002494000
array_size: 4000:
0.002542000
0.002660000
0.002318000
0.001216000
0.002584000
0.002484000
0.002555000
0.002399000
0.002379000
0.002598000
array_size: 8000:
0.002195000
0.002481000
0.002878000
0.002553000
0.002348000
0.001995000
0.002917000
0.002644000
0.002570000
0.002930000
array_size: 10000:
0.002153000
0.002238000
0.002317000
0.002130000
0.002133000
0.002486000
0.002654000
0.002792000
0.002148000
0.002224000
array_size: 40000:
0.003696000
0.004752000
0.002775000
0.002852000
0.003185000
0.002804000
0.003123000
0.003384000
0.003088000
0.005509000
array_size: 80000:
0.005996000
0.005474000
0.004381000
0.005556000
0.005274000
0.004737000
0.004644000
0.006872000
0.006140000
0.004788000
array_size: 100000:
0.005198000
0.008123000
0.006029000
0.005298000
0.006083000
0.007450000
0.005506000
0.005788000
0.006464000
0.006173000
array_size: 400000:
0.019482000
0.029982000
0.044926000
0.029448000
0.021964000
0.017177000
0.026487000
0.031825000
0.020965000
0.028028000
array_size: 800000:
0.067897000
0.046338000
0.068173000
0.056670000
0.045192000
0.038917000
0.057035000
0.074229000
0.042916000
0.046119000
array_size: 1000000:
0.059792000
0.081587000
0.069089000
0.053036000
0.067135000
0.073310000
0.064901000
0.075192000
0.063687000
0.072767000
array_size: 4000000:
0.295855000
0.232054000
0.232483000
0.222730000
0.286222000
0.202451000
0.272455000
0.226192000
0.251116000
0.265405000
array_size: 8000000:
0.489867000
0.962701000
0.624640000
0.425227000
0.532628000
0.506850000
0.423270000
0.341801000
0.502018000
0.451154000
array_size: 10000000:
0.649805000
0.687830000
0.800884000
0.699933000
0.701157000
0.599571000
0.495865000
0.755279000
0.915050000
0.739489000
array_size: 40000000:
4.216998000
1.922723000
2.374384000
3.373022000
2.634784000
3.078218000
3.065924000
3.515540000
3.091363000
2.413991000
array_size: 80000000:
5.694807000
6.404437000
5.459317000
5.102981000
4.942795000
5.218660000
4.389076000
5.010138000
7.662027000
7.527237000
