array_size: 1000:
0.000281000
0.000158000
0.000140000
0.000137000
0.000138000
0.000140000
0.000137000
0.000138000
0.000139000
0.000137000
array_size: 4000:
0.000397000
0.000469000
0.000445000
0.000409000
0.000396000
0.000382000
0.000381000
0.000383000
0.000382000
0.000384000
array_size: 8000:
0.000782000
0.000795000
0.000738000
0.000733000
0.000750000
0.000766000
0.000737000
0.000736000
0.000748000
0.000773000
array_size: 10000:
0.000923000
0.000915000
0.000920000
0.000949000
0.000921000
0.000909000
0.000950000
0.000917000
0.000917000
0.000939000
array_size: 40000:
0.003965000
0.003943000
0.003938000
0.003959000
0.003916000
0.003989000
0.003952000
0.003980000
0.003954000
0.003960000
array_size: 80000:
0.008270000
0.008297000
0.008263000
0.008295000
0.008249000
0.008279000
0.008296000
0.008280000
0.008246000
0.008320000
array_size: 100000:
0.010540000
0.010735000
0.010509000
0.010524000
0.010455000
0.010503000
0.010435000
0.010492000
0.010625000
0.010482000
array_size: 400000:
0.046665000
0.046577000
0.046609000
0.046247000
0.046440000
0.046542000
0.046697000
0.046407000
0.046473000
0.046662000
array_size: 800000:
0.097292000
0.098265000
0.097512000
0.098089000
0.097122000
0.097555000
0.097397000
0.097348000
0.097584000
0.097371000
array_size: 1000000:
0.123722000
0.124035000
0.123741000
0.124274000
0.123898000
0.124775000
0.122610000
0.123861000
0.123840000
0.125165000
array_size: 4000000:
0.544415000
0.544014000
0.547177000
0.548208000
0.576924000
0.548142000
0.546597000
0.548337000
0.545672000
0.545103000
array_size: 8000000:
1.136694000
1.132285000
1.143987000
1.138827000
1.150430000
1.171367000
1.144120000
1.137656000
1.138708000
1.137923000
array_size: 10000000:
1.452663000
1.452852000
1.441172000
1.489989000
1.430426000
1.452558000
1.439587000
1.446130000
1.447705000
1.447128000
array_size: 40000000:
6.241957000
6.280322000
6.248181000
6.291474000
6.281355000
6.250090000
6.287571000
6.282506000
6.237310000
6.285597000
array_size: 80000000:
12.993361000
13.101735000
12.979052000
13.037480000
13.123150000
13.110282000
13.044976000
13.074456000
13.012440000
13.123125000
